0  0.487373  0.453064  0.004099  0.015307
1  0.488741  0.609611  0.004113  0.017336
2  0.488336  0.828627  0.004402  0.01291
3  0.501981  0.164344  0.004759  0.00877
4  0.475199  0.715717  0.005089  0.0125
5  0.59978  0.741004  0.006162  0.005082
6  0.474023  0.468617  0.004113  0.017848
7  0.488583  0.436773  0.003631  0.016701
8  0.501403  0.827295  0.003851  0.011885
9  0.434326  0.530574  0.0089  0.008156
10  0.502084  0.270461  0.003425  0.012193
11  0.52553  0.405451  0.003054  0.010738
12  0.501919  0.467848  0.003755  0.017336
13  0.48879  0.716803  0.005365  0.011066
14  0.474532  0.59124  0.005131  0.014283
15  0.451589  0.36665  0.003232  0.01416