49  0.375908  0.740994  0.005708  0.007439
50  0.534333  0.584303  0.004044  0.00709
51  0.502311  0.853617  0.00542  0.011045
52  0.475069  0.851916  0.005131  0.010184
53  0.454388  0.887818  0.00542  0.009775
54  0.649746  0.779467  0.004856  0.011475
55  0.502448  0.322295  0.002641  0.010328
56  0.335385  0.680789  0.004993  0.010266
57  0.452393  0.938391  0.003136  0.008914
58  0.526699  0.788607  0.005144  0.006803
59  0.487476  0.85  0.006561  0.011475
60  0.500053  0.145866  0.004974  0.010823
61  0.474883  0.321803  0.003631  0.012787
62  0.519352  0.147468  0.003783  0.01303
63  0.484729  0.146981  0.005779  0.010584
35  0.526795  0.364221  0.003466  0.012541