32  0.501376  0.435287  0.004787  0.014262
33  0.451376  0.747643  0.00564  0.01168
34  0.665007  0.661342  0.005144  0.008914
36  0.620481  0.700205  0.005832  0.00918
37  0.452311  0.912254  0.003989  0.008197
38  0.526052  0.912828  0.004127  0.006557
39  0.573906  0.627152  0.005695  0.007787
40  0.525557  0.938176  0.005144  0.011066
41  0.474931  0.82876  0.004278  0.009775
42  0.500447  0.290703  0.005762  0.012532
43  0.361052  0.703463  0.008322  0.006721
44  0.519615  0.433217  0.004622  0.00959
45  0.502242  0.590318  0.004512  0.009201
46  0.484431  0.162478  0.003573  0.010325
47  0.31447  0.665748  0.004512  0.009201
48  0.635062  0.767572  0.004567  0.008914