16  0.47412  0.268473  0.00381  0.01248
17  0.318514  0.792162  0.005942  0.009201
18  0.526878  0.885676  0.005777  0.008402
19  0.452056  0.408012  0.00381  0.009631
20  0.554292  0.555615  0.004512  0.009918
21  0.642758  0.682807  0.004553  0.009344
22  0.48848  0.321178  0.005516  0.013873
23  0.488006  0.164764  0.004952  0.011332
24  0.524512  0.559887  0.003769  0.010717
25  0.516032  0.62167  0.006891  0.007439
26  0.451816  0.788463  0.00564  0.008402
27  0.331582  0.780297  0.005942  0.007439
28  0.502091  0.717152  0.004952  0.008811
29  0.660034  0.792756  0.004828  0.006619
30  0.475543  0.433094  0.004759  0.013893
31  0.344773  0.769139  0.005227  0.007787